0.000009 0.000004 10
0.000018 0.000007 20
0.000037 0.000013 30
0.000088 0.000019 50
0.000243 0.000032 80
0.000384 0.000045 100
0.001538 0.000075 200
0.003320 0.000123 300
0.008640 0.000151 500
0.012381 0.000124 800
0.017138 0.000142 1000
0.036360 0.000209 1500
0.052175 0.000287 2000
0.134891 0.000454 3000
0.218102 0.000533 4000
0.325708 0.000694 5000
0.835600 0.001076 8000
1.118229 0.001259 9000
1.476357 0.001394 10000
2.950820 0.001971 15000
5.249876 0.003080 20000
11.891971 0.004023 30000
32.916176 0.006799 50000
90.449768 0.013453 80000
0.000000 0.020926 100000
