1000
886 9383
6915 2777
8335 7793
492 5386
1421 6649
27 2362
59 8690
3926 7763
3426 540
5736 9172
5368 5211
6429 2567
1530 5782
5123 2862
3135 4067
9802 3929
3058 4022
8167 3069
8456 1393
8042 5011
7373 6229
4919 4421
8537 3784
4324 5198
4370 8315
3526 6413
8980 6091
1873 9956
9170 6862
7281 6996
925 2305
6327 7084
6505 336
1729 846
5857 1313
3895 6124
545 9582
3367 8814
364 5434
3750 4043
6808 1087
7178 7276
3584 5788
2651 5403
2399 2754
5060 9932
3368 9676
12 7739
8586 6226
7539 8094
570 795
378 1434
6601 7467
2902 97
492 3317
756 6652
280 7301
9441 4286
9689 3865
6619 8444
4729 8440
8117 8031
5771 8097
675 4481
8927 709
7856 4567
2353 9497
6965 4586
4683 5306
8624 6219
2871 1528
8829 5732
19 9503
3368 8270
6715 9708
8149 6340
723 7796
2245 2618
3451 2846
3555 2921
7488 2379
8228 7764
2350 9841
1500 5193
7764 7034
4914 124
5856 6987
6491 3743
8365 2227
1936 9859
2551 1432
9228 6437
5407 3275
6121 1474
4395 8858
1237 6029
3793 8235
4428 5818
1011 6143
9529 5928
2404 8776
5763 4443
4538 4613
6840 8606
4818 2904
688 5128
7917 7369
6996 9917
7743 3324
2183 9470
5499 8490
6725 9772
5590 5644
8139 7505
9786 2954
8082 7669
8464 8542
9507 197
8804 9355
8611 6348
7828 3622
7343 9299
5568 5746
5422 4340
3810 3311
1801 7605
3730 5661
1305 4878
8736 9320
8626 9444
3465 8522
3416 6708
3258 8282
7637 2924
5624 2062
2036 2600
1899 3452
5550 9379
71 7468
7131 973
4930 3881
5894 8933
163 8660
7981 7199
2996 8899
3773 2959
9668 2813
1095 7190
6466 2926
1340 5084
7684 2090
5542 3376
9107 5936
9756 7445
8418 9179
9412 6887
2172 3348
2009 1659
5210 2336
7587 6342
9301 8206
7372 7713
1255 5321
4599 4819
9904 7721
9811 5939
5667 3940
6228 1705
9150 1127
6658 5984
9224 3920
7269 2422
4081 1396
84 5630
1972 9292
3850 7672
5385 7625
9299 1222
6042 6640
713 3898
6190 2298
2590 524
8581 8209
9336 8819
1155 7732
8004 5994
4769 379
1776 5273
7255 8850
8142 1860
5884 5579
3205 1993
9567 7621
613 2504
2754 1961
4259 1326
8202 8944
3506 3202
2021 6784
868 2842
5189 9528
9908 8872
498 9958
8808 8036
6248 7753
3333 3303
1648 2133
9754 2890
1746 7567
9529 368
8046 4500
9797 3788
6990 6249
3033 3303
2497 5363
4892 253
9125 7686
3996 1152
9188 5975
3729 9157
2460 5436
3921 3414
6304 460
8027 28
6748 8050
8902 7556
7697 4794
1043 8699
2002 1039
6403 428
681 4500
8538 7647
5151 6159
2134 2535
1692 4339
6127 2215
5629 504
964 49
6429 8285
6335 5343
2900 3177
7971 5238
289 6949
7988 5367
5795 2292
3144 743
8390 2829
5340 1682
569 3541
4232 3826
6042 2261
9117 360
6761 8023
6309 81
5425 3190
6367 8996
4234 4677
1626 690
6057 4524
3168 9614
358 8205
7386 6312
4346 5100
4994 2726
6552 4916
3529 5578
2290 8946
6970 2647
9080 9051
8593 9631
8627 857
1886 1312
8355 9214
90 3512
9479 4412
8969 9610
2274 6189
7641 6355
5433 6620
7888 8987
4566 8338
7284 7770
417 6856
2260 606
237 5849
3059 7205
8518 5217
783 4945
8458 6873
7637 873
483 4289
478 6607
9314 2757
5729 4471
3459 1100
9438 3618
1388 8025
1233 3074
3681 8157
358 3493
699 270
1839 3417
8363 5569
8794 2622
9847 3173
7462 6431
9390 6682
5791 4292
5115 5057
6157 1521
1491 8574
2951 1947
5021 9231
3740 537
4030 5054
5325 4098
7516 1081
3002 3516
6139 2231
5404 1796
4580 2338
9021 9218
9862 3970
5379 4812
2685 4977
9904 1536
3483 4176
9759 9207
9744 4857
9911 3499
3950 127
7560 5236
5105 7818
49 563
8711 1244
9934 1805
7375 3291
3614 8955
3768 3589
4918 8993
6882 2805
6982 4822
4030 6717
1574 3093
6593 126
253 1486
3074 543
4713 7814
8377 8179
5775 4762
2919 7088
6732 5710
1017 294
235 346
5691 1137
3943 5153
6328 2573
9291 925
4018 6710
6836 7217
5055 6963
3858 7090
4904 8130
2661 8571
9685 9633
3073 4789
6851 2604
9250 9805
6503 7868
9006 9485
4639 2195
1120 2949
226 967
7677 6763
3981 596
7560 865
7955 9036
3518 7770
6342 9211
5196 2532
7321 2379
4984 8270
4427 4172
2040 4234
72 7283
5830 7398
347 1063
2030 6950
3714 573
7522 6059
6924 4047
9435 5082
9204 1232
443 2954
5486 1898
4278 5640
262 9159
9683 9262
9848 1041
8324 1723
9122 6272
7335 4154
7457 5821
2747 9365
1776 1171
5218 269
1703 8701
9933 4653
3959 907
2806 6728
8720 5797
1308 7084
2698 5334
6376 991
2715 8898
5171 1052
1559 8189
4010 2506
8224 9016
6539 3109
3378 0
5053 8109
9114 5081
5989 1338
8067 9426
5223 5147
2231 6787
2122 6532
3875 1281
179 4850
2254 6590
1131 5350
7857 3813
9181 1494
4603 6081
2433 5720
181 7982
9415 7487
8825 9296
8722 5404
551 6892
32 297
3181 9134
415 8506
9708 7057
9999 595
2297 1962
5776 7483
8977 154
2587 1309
3382 9932
4266 5021
8860 3563
9211 3682
9086 7685
930 4285
4583 5990
1476 7314
5820 4116
7525 1892
8839 5528
7490 7525
1360 1136
7643 9618
928 337
6621 6582
7955 4310
4225 888
4570 6815
853 3437
7722 8
2350 1783
9097 8657
9126 3827
2071 1269
3149 6651
528 910
8398 639
6610 1888
8577 2393
8976 3890
4552 5199
6087 6931
99 8777
8566 657
7017 952
2735 2641
1298 9368
3195 8184
5805 6776
3428 5266
2528 8954
9593 308
2197 7278
9672 2555
6445 774
2325 5000
8283 997
6127 8412
5421 8382
9334 4693
7334 2439
8159 8421
2957 4985
1761 1354
2972 8762
7716 1541
1850 1852
5482 3662
6217 399
1173 5154
6506 9015
6364 9851
8263 4790
3172 2491
3537 37
8828 8859
7280 871
5856 6987
8341 6590
5352 3970
5511 7665
9517 3069
3083 7361
4112 1351
6506 9300
4667 1638
1489 9364
4154 1032
9875 6104
6141 3679
2538 3412
636 4969
1956 6170
2760 2844
6814 6649
4314 4465
3886 2326
6039 183
1535 6969
2621 152
1790 4393
109 7289
4673 9631
5735 4264
4295 4548
4313 1877
3198 6833
9355 4949
7793 5155
8156 8468
2933 960
3286 8823
5358 3171
140 5677
2181 3245
3990 2761
50 323
9954 4100
8364 1075
5624 2042
3919 2659
5844 6289
1238 3469
4976 1551
19 5383
6343 3133
1956 9304
2475 5981
8011 3666
6912 8967
1729 192
6868 902
5002 8131
9207 3174
5216 9718
2377 1183
7472 5487
8957 4573
6125 5062
6797 3933
3418 2496
8153 3141
5474 1726
5393 6980
5948 3485
30 2305
9559 4029
2160 6898
6424 4562
4280 7719
8902 1641
3480 3010
7583 2726
4140 8789
2723 3708
2557 938
431 2493
4220 710
7690 5905
9391 9613
8270 3638
7667 9421
2671 7829
8743 6180
3899 9095
7088 3024
2386 9154
8232 569
5710 9969
30 2373
9663 8433
7279 2587
9649 94
2351 1499
7464 7339
7330 1742
7515 2086
9915 1349
3881 186
5634 5011
4387 4133
3287 2722
9643 6773
6742 1519
244 5354
139 3124
2063 6259
6353 7418
5269 1712
5404 8705
6799 2733
4819 2734
435 4315
853 1087
2450 669
4802 6487
5562 6837
3610 8089
5960 5205
6911 6704
9829 2557
8816 3403
821 1892
3605 1522
6579 2443
1528 5361
4447 3378
4045 2700
3787 4882
5551 4899
1386 2589
9426 353
4794 6948
8506 3036
6092 7107
9664 5417
8820 5921
4166 8480
6354 5994
8437 4123
9484 2933
6312 6317
9017 3931
5165 6709
1608 9156
1745 7069
7422 2995
6295 1171
559 8569
5676 4801
6571 6652
8925 5340
172 1743
4089 3091
3566 6527
5812 8878
5196 3050
3333 2124
5186 4213
3370 8499
5568 6794
6141 5115
2639 9342
4263 2437
3590 3198
6202 9939
1631 6513
8257 5128
4571 1804
4683 2346
1225 8138
7540 495
8972 6421
634 7226
5725 4158
952 356
5472 7645
3339 3446
5883 8111
7661 7603
7542 5825
2339 216
5344 9174
7330 596
9294 6267
757 2013
8860 519
3292 4650
1876 7832
1990 279
635 3953
1598 9295
2741 6107
570 4937
2540 4976
801 4584
4800 83
5609 9492
6440 6496
2763 2939
1304 5735
2606 9873
4523 164
4349 2251
2530 2751
6704 6339
1986 3165
5625 8302
9591 1079
2407 2547
7131 8484
4919 9561
9053 1931
8427 528
9819 5494
7581 7543
3768 1123
7639 187
2438 4643
7394 1988
4680 1320
4486 4098
8752 3018
4098 6463
9010 4695
3179 6505
6066 6142
4425 8098
4978 1472
6966 2853
6748 4797
2272 4547
1086 516
5159 9912
1900 9877
1197 2553
3003 2932
5951 2035
8498 8107
9154 49
2906 3861
3 2334
6784 5325
6797 4428
3633 1763
6560 115
1014 381
897 5185
5097 2100
8329 2408
1313 3349
2634 5879
7914 4316
8775 8585
4986 2765
6626 7930
6616 7892
9569 6629
7409 9752
1515 6366
2833 7395
7776 4428
9613 3847
2300 5026
3786 1062
763 629
6508 5100
9416 3397
1982 775
3540 4544
8826 3320
7565 6518
9499 1794
1546 7134
9853 6908
4303 3062
3842 2686
6534 8432
9810 9807
869 8834
5815 3596
8696 7984
1382 2324
9451 4465
5361 9716
3037 9343
5861 4187
5981 602
4088 5360
8620 3879
3293 3941
6628 2924
7708 7135
6942 3162
1996 3870
7466 4163
8500 7811
6487 2515
3332 6234
5950 2290
1633 8693
2880 5339
2293 7494
2854 5213
5444 6382
323 1475
751 8738
5873 6951
6465 4811
8681 9168
9683 4813
8977 2499
5014 4535
769 5464
4107 8346
3391 3072
8411 5740
9587 2623
7836 7057
3439 8793
6620 3281
8371 114
3418 7371
8534 596
9764 9883
4697 3567
6067 5800
335 3674
5490 7433
2132 7457
529 5949
1690 5523
8147 5292
2349 7629
6422 2335
1968 2140
2255 3043
6766 339
936 2025
8260 1653
5220 7052
9204 2957
2983 1287
8721 9540
6997 4826
7127 7205
2728 3878
9170 5169
2798 7227
9563 1520
3660 9221
8616 7883
8223 2267
4292 5382
7035 5511
2563 2553
1862 8608
9895 1768
7660 1198
2376 4968
2173 1009
4887 9503
4673 1254
8481 4057
1929 3823
3044 4396
2280 1942
4209 8012
9747 6855
2366 4854
3759 3134
1742 1281
9401 1973
3171 1638
2958 3413
4422 1899
7755 1484
9090 5661
6071 8780
2603 3923
8320 8000
9942 2000
12 6952
3807 504
5358 9759
2894 2525
158 9117
1090 4636
2626 9560
2973 614
8865 1937
3421 3748
9409 6620
5400 8863
2786 1832
9833 8004
6356 7458
4410 6127
6631 6368
6128 4569
3446 8341
7458 5374
10 3605
3165 4901
1867 8989
926 2490
6238 732
3705 699
9562 2000
3832 5457
3461 2348
9807 17
2497 6169
2538 569
5139 9128
7470 5018
392 8585
8542 1280
2533 6754
5743 1707
550 4400
1485 3021
3720 6788
5140 5190
647 9634
1983 5325
1694 461
6630 8142
5063 4191
3320 5520
538 6554
1492 7142
8422 930
7685 34
8094 7308
1708 9780
2802 8644
1784 9545
1087 6522
6157 6925
8602 1735
8548 4492
8986 296
840 1530
7051 4049
6956 512
7654 7589
4872 8448
8482 2428
6088 2557
2337 6576
5220 7797
3694 5139
8014 7005
282 4782
2869 523
5015 5236
1884 1417
9299 353
754 2724
3236 6350
292 7710
6158 7242
6023 5164
7721 4641
7569 2111
6260 6410
7902 2790
6147 9955
1089 5916
6439 2781
8017 3958
5375 7806
4511 9901
8978 4674
7377 5265
2976 8566
2161 7669
2833 9134
