0.000000 0.000000 10
0.000000 0.000000 10
0.000000 0.000000 10
0.000000 0.000000 10
0.000000 0.000000 10
0.000000 0.000000 10
0.000000 0.000000 10
0.000000 0.000000 10
0.000000 0.000000 10
0.000000 0.000000 10
0.001005 0.000000 50
0.001001 0.000000 50
0.001000 0.000000 50
0.000000 0.000000 50
0.000000 0.000000 50
0.000000 0.000000 50
0.000000 0.000000 50
0.001034 0.000000 50
0.000000 0.000000 50
0.000999 0.000000 50
0.001000 0.000979 100
0.000997 0.000000 100
0.000995 0.000000 100
0.000992 0.000000 100
0.000000 0.000000 100
0.000500 0.000512 100
0.000000 0.000000 100
0.000992 0.000000 100
0.000963 0.000000 100
0.000983 0.000000 100
0.000995 0.000000 200
0.005017 0.001037 200
0.000997 0.000000 200
0.002998 0.000000 200
0.001010 0.000000 200
0.000996 0.000000 200
0.002001 0.000000 200
0.002020 0.000000 200
0.003001 0.000999 200
0.001001 0.000997 200
0.017009 0.000987 500
0.009998 0.001002 500
0.009998 0.000000 500
0.019994 0.000000 500
0.015999 0.001002 500
0.031008 0.000990 500
0.024003 0.000978 500
0.026990 0.000000 500
0.028502 0.000503 500
0.029011 0.000975 500
0.027997 0.001000 800
0.049473 0.001003 800
0.022996 0.001002 800
0.044015 0.000000 800
0.031606 0.001024 800
0.027034 0.000000 800
0.030517 0.001998 800
0.031017 0.000984 800
0.052017 0.000977 800
0.023995 0.000997 800
0.036000 0.001002 1000
0.078519 0.001022 1000
0.071963 0.001005 1000
0.040553 0.000993 1000
0.040553 0.001007 1000
0.054493 0.001498 1000
0.054022 0.000999 1000
0.045998 0.000998 1000
0.066501 0.001000 1000
0.068980 0.000485 1000
0.082495 0.002022 1500
0.119072 0.002018 1500
0.124530 0.001005 1500
0.102491 0.001017 1500
0.111484 0.002041 1500
0.093534 0.001519 1500
0.112510 0.001999 1500
0.093535 0.001999 1500
0.120059 0.001025 1500
0.106513 0.001501 1500
0.900976 0.006013 5000
0.956086 0.004004 5000
0.911860 0.003980 5000
0.891716 0.004004 5000
1.208077 0.008002 5000
1.213075 0.007502 5000
1.265305 0.006997 5000
1.225282 0.006999 5000
0.943272 0.004017 5000
0.895185 0.004024 5000
3.757700 0.014580 10000
3.805278 0.009000 10000
3.865554 0.008000 10000
3.793983 0.007999 10000
3.851244 0.007991 10000
3.839018 0.007001 10000
3.897772 0.007525 10000
3.770995 0.008109 10000
3.749232 0.008019 10000
3.728860 0.008048 10000
14.804935 0.020982 20000
15.504918 0.017997 20000
14.627830 0.016018 20000
16.113819 0.019006 20000
19.819891 0.015998 20000
15.580785 0.016993 20000
14.892298 0.015998 20000
15.082895 0.017008 20000
16.353325 0.018999 20000
18.041266 0.024296 20000
114.586030 0.057000 50000
106.056881 0.049521 50000
110.486843 0.059681 50000
125.958943 0.051024 50000
112.232252 0.054002 50000
106.480714 0.047994 50000
119.089965 0.073504 50000
110.035897 0.048990 50000
107.203828 0.051873 50000
111.057407 0.069021 50000
269.793228 0.117048 80000
264.683226 0.091008 80000
300.084957 0.099791 80000
283.099269 0.101523 80000
281.996589 0.083003 80000
398.904854 0.112554 100000
403.542535 0.102071 100000
419.197664 0.120016 100000
407.806450 0.121034 100000
414.194360 0.114064 100000
0.211026 0.000498 2000
3.628207 0.002982 10000
